11,17
11,12
11,9
11,23
75,3
75,1
73,9
11,22
73,6
73,5
73,4
11,19
73,3
11,1
73,1
11,8
72,3
11,2
72,1
71,4
11,3
71,3
71,1
70,4
9,5
70,3
70,1
69,3
8,15
69,1
66,48
66,47
8,8
8,10
8,5
66,46
66,45
66,44
66,43
66,39
66,38
66,36
66,35
66,32
66,31
66,30
66,28
66,27
66,25
66,24
66,23
66,21
66,18
66,17
66,15
66,14
66,12
66,11
66,7
66,6
66,5
66,3
66,2
66,1
66,0
64,6
64,5
64,4
64,3
64,1
61,3
61,1
60,12
60,11
60,10
60,9
60,8
60,6
60,3
60,1
54,13
54,4
54,1
53,6
53,5
53,3
53,1
51,7
51,6
51,5
51,1
50,4
50,1
48,3
48,1
38,12
38,1
36,3
36,1
35,4
35,3
35,1
30,3
30,1
29,4
29,3
29,1
20,3
20,2
20,1
19,3
19,2
19,1
14,31
14,28
14,27
14,26
14,22
14,21
14,20
18,1
14,19
18,3
14,18
14,33
14,15
14,3
14,1
13,4
13,1
12,3
13,3
12,2
12,1
9,7
